2023-11-16 12:23:29 10 0 0 4 1478 1512 1788 0 0
2023-11-16 12:23:29 10 0 0 4 1472 1517 1789 0 0
2023-11-16 12:23:29 10 0 0 4 1470 1517 1794 0 0
2023-11-16 12:23:29 10 0 0 4 1472 1518 1785 0 0
2023-11-16 12:23:29 10 0 0 4 1480 1515 1792 0 0
2023-11-16 12:23:29 10 0 0 4 1476 1514 1787 0 0
2023-11-16 12:23:29 10 0 0 4 1477 1515 1788 0 0
2023-11-16 12:23:29 10 0 0 4 1472 1518 1792 0 0
2023-11-16 12:23:29 10 0 0 4 1478 1515 1792 0 0
2023-11-16 12:23:29 10 0 0 4 1487 1516 1792 0 0
2023-11-16 12:23:29 10 0 0 4 1472 1512 1792 0 0
2023-11-16 12:23:29 10 0 0 4 1470 1521 1790 0 0
2023-11-16 12:23:29 10 0 0 4 1468 1513 1791 0 0
2023-11-16 12:23:29 10 0 0 4 1479 1510 1808 0 0
2023-11-16 12:23:29 10 0 0 4 1476 1509 1790 0 0
2023-11-16 12:23:29 10 0 0 4 1476 1519 1792 0 0
2023-11-16 12:23:29 10 0 0 4 1478 1515 1794 0 0
2023-11-16 12:23:29 10 0 0 4 1473 1510 1787 0 0
2023-11-16 12:23:29 10 0 0 4 1474 1516 1785 0 0
2023-11-16 12:23:29 10 0 0 4 1480 1510 1785 0 0
2023-11-16 12:23:29 10 0 0 4 1473 1518 1789 0 0
2023-11-16 12:23:29 10 0 0 4 1477 1518 1786 0 0
2023-11-16 12:23:29 10 0 0 4 1475 1515 1786 0 0
2023-11-16 12:23:29 10 0 0 4 1475 1516 1790 0 0
2023-11-16 12:23:29 10 0 0 4 1475 1516 1791 0 0
2023-11-16 12:23:29 10 0 0 4 1476 1518 1788 0 0
2023-11-16 12:23:28 10 0 0 4 1463 1513 1792 0 0
2023-11-16 12:23:28 10 0 0 4 1475 1516 1790 0 0
2023-11-16 12:23:28 10 0 0 4 1470 1522 1795 0 0
2023-11-16 12:23:28 10 0 0 4 1508 1512 1802 0 0
2023-11-16 12:23:28 10 0 0 4 1481 1515 1785 0 0
2023-11-16 12:23:28 10 0 0 4 1473 1518 1789 0 0
2023-11-16 12:23:28 10 0 0 3 1476 1517 1790 0 0
2023-11-16 12:23:28 10 0 0 3 1480 1520 1796 0 0
2023-11-16 12:23:28 10 0 0 3 1477 1515 1792 0 0
2023-11-16 12:23:28 10 0 0 3 1480 1516 1801 0 0
2023-11-16 12:23:28 10 0 0 3 1477 1513 1792 0 0
2023-11-16 12:23:28 10 0 0 3 1478 1506 1785 0 0
2023-11-16 12:23:28 10 0 0 3 1476 1520 1789 0 0
2023-11-16 12:23:28 10 0 0 3 1476 1515 1785 0 0
2023-11-16 12:23:28 10 0 0 3 1473 1514 1791 0 0
2023-11-16 12:23:28 10 0 0 3 1480 1509 1793 0 0
2023-11-16 12:23:28 10 0 0 3 1478 1515 1792 0 0
2023-11-16 12:23:28 10 0 0 3 1468 1515 1789 0 0
2023-11-16 12:23:28 10 0 0 3 1473 1514 1793 0 0
2023-11-16 12:23:28 10 0 0 3 1477 1513 1785 0 0
2023-11-16 12:23:28 10 0 0 3 1480 1513 1790 0 0
2023-11-16 12:23:28 10 0 0 3 1472 1514 1786 0 0
2023-11-16 12:23:28 10 0 0 3 1476 1520 1791 0 0
2023-11-16 12:23:28 10 0 0 3 1474 1513 1785 0 0
2023-11-16 12:23:28 10 0 0 3 1470 1518 1797 0 0
2023-11-16 12:23:28 10 0 0 3 1476 1510 1790 0 0
2023-11-16 12:23:28 10 0 0 3 1475 1513 1792 0 0
2023-11-16 12:23:28 10 0 0 3 1474 1511 1790 0 0
2023-11-16 12:23:28 10 0 0 3 1473 1513 1788 0 0
2023-11-16 12:23:28 10 0 0 3 1467 1513 1788 0 0
2023-11-16 12:18:00 10 0 0 3 1476 1520 1792 0 0
2023-11-16 12:18:00 10 0 0 3 1471 1512 1790 0 0
2023-11-16 12:17:59 10 0 0 3 1470 1517 1790 0 0
2023-11-16 12:17:59 10 0 0 3 1473 1515 1785 0 0
2023-11-16 12:17:59 10 0 0 3 1471 1515 1787 0 0
2023-11-16 12:17:59 10 0 0 3 1473 1512 1792 0 0
2023-11-16 12:17:59 10 0 0 3 1472 1511 1789 0 0
2023-11-16 12:17:59 10 0 0 3 1469 1509 1792 0 0
2023-11-16 12:17:59 10 0 0 3 1473 1510 1789 0 0
2023-11-16 12:17:59 10 0 0 3 1473 1509 1792 0 0
2023-11-16 12:17:59 10 0 0 3 1472 1515 1786 0 0
2023-11-16 12:17:59 10 0 0 3 1468 1512 1783 0 0
2023-11-16 12:17:59 10 0 0 3 1478 1515 1789 0 0
2023-11-16 12:17:59 10 0 0 3 1470 1510 1785 0 0
2023-11-16 12:17:59 10 0 0 3 1471 1513 1792 0 0
2023-11-16 12:17:59 10 0 0 3 1473 1513 1793 0 0
2023-11-16 12:17:59 10 0 0 3 1478 1514 1785 0 0
2023-11-16 12:17:59 10 0 0 3 1475 1520 1789 0 0
2023-11-16 12:17:59 10 0 0 3 1472 1508 1792 0 0
2023-11-16 12:17:59 10 0 0 3 1474 1510 1790 0 0
2023-11-16 12:17:59 10 0 0 3 1473 1518 1790 0 0
2023-11-16 12:17:59 10 0 0 3 1473 1508 1785 0 0
2023-11-16 12:17:59 10 0 0 3 1475 1511 1791 0 0
2023-11-16 12:17:58 10 0 0 3 1476 1515 1791 0 0
2023-11-16 12:17:58 10 0 0 3 1477 1511 1792 0 0
2023-11-16 12:17:58 10 0 0 3 1471 1506 1792 0 0
2023-11-16 12:17:58 10 0 0 3 1473 1507 1786 0 0
2023-11-16 12:17:58 10 0 0 3 1471 1516 1786 0 0
2023-11-16 12:17:58 10 0 0 3 1474 1516 1791 0 0
2023-11-16 12:17:58 10 0 0 3 1468 1511 1788 0 0
2023-11-16 12:17:58 10 0 0 3 1468 1515 1788 0 0
2023-11-16 12:17:58 10 0 0 3 1473 1512 1786 0 0
2023-11-16 12:17:58 10 0 0 3 1480 1515 1792 0 0
2023-11-16 12:17:58 10 0 0 3 1471 1514 1786 0 0
2023-11-16 12:17:58 10 0 0 3 1477 1510 1791 0 0
2023-11-16 12:17:58 10 0 0 3 1476 1515 1788 0 0
2023-11-16 12:17:58 10 0 0 3 1475 1513 1792 0 0
2023-11-16 12:17:58 10 0 0 3 1474 1518 1785 0 0
2023-11-16 12:17:58 10 0 0 3 1472 1513 1791 0 0
2023-11-16 12:17:58 10 0 0 3 1478 1513 1791 0 0
2023-11-16 12:17:57 10 0 0 3 1473 1518 1791 0 0
2023-11-16 12:17:57 10 0 0 3 1468 1515 1785 0 0
2023-11-16 12:17:57 10 0 0 3 1475 1510 1789 0 0
2023-11-16 12:17:57 10 0 0 3 1478 1517 1787 0 0
2023-11-16 12:17:57 10 0 0 3 1468 1518 1784 0 0
2023-11-16 12:17:57 10 0 0 3 1472 1511 1791 0 0
2023-11-16 12:17:57 10 0 0 3 1476 1510 1789 0 0
2023-11-16 12:17:57 10 0 0 3 1474 1513 1786 0 0
2023-11-16 12:17:57 10 0 0 3 1472 1514 1788 0 0
2023-11-16 12:17:57 10 0 0 3 1474 1513 1788 0 0
2023-11-16 12:17:57 10 0 0 3 1468 1517 1790 0 0
2023-11-16 12:17:57 10 0 0 3 1478 1514 1785 0 0
2023-11-16 12:17:57 10 0 0 3 1476 1525 1796 0 0
2023-11-16 12:17:57 10 0 0 3 1476 1518 1789 0 0
2023-11-16 12:17:57 10 0 0 3 1479 1515 1782 0 0
2023-11-16 12:17:57 10 0 0 2 1475 1511 1792 0 0
2023-11-16 12:16:35 10 0 0 1 1470 1510 1792 0 0
2023-11-16 12:16:35 10 0 0 1 1470 1515 1785 0 0
2023-11-16 12:16:35 10 0 0 1 1476 1513 1787 0 0
2023-11-16 12:16:35 10 0 0 1 1474 1510 1790 0 0
2023-11-16 12:16:35 10 0 0 1 1473 1509 1793 0 0
2023-11-16 12:16:35 10 0 0 1 1475 1508 1785 0 0
2023-11-16 12:16:35 10 0 0 1 1476 1505 1788 0 0
2023-11-16 12:16:35 10 0 0 1 1479 1514 1792 0 0
2023-11-16 12:16:35 10 0 0 1 1472 1510 1785 0 0
2023-11-16 12:16:35 10 0 0 1 1470 1514 1784 0 0
2023-11-16 12:16:35 10 0 0 1 1476 1513 1785 0 0
2023-11-16 12:16:35 10 0 0 1 1480 1516 1790 0 0
2023-11-16 12:16:35 10 0 0 1 1468 1517 1792 0 0
2023-11-16 12:16:35 10 0 0 1 1464 1515 1787 0 0
2023-11-16 12:16:35 10 0 0 1 1476 1514 1792 0 0
2023-11-16 12:16:35 10 0 0 1 1472 1516 1796 0 0
2023-11-16 12:16:35 10 0 0 1 1473 1515 1791 0 0
2023-11-16 12:16:35 10 0 0 1 1475 1520 1797 0 0
2023-11-16 12:16:35 10 0 0 1 1478 1515 1789 0 0
2023-11-16 12:16:35 10 0 0 1 1472 1512 1795 0 0
2023-11-16 12:16:35 10 0 0 1 1474 1511 1791 0 0
2023-11-16 12:16:35 10 0 0 1 1476 1513 1789 0 0
2023-11-16 12:16:35 10 0 0 1 1468 1511 1787 0 0
2023-11-16 12:16:35 10 0 0 1 1476 1516 1792 0 0
2023-11-16 12:16:35 10 0 0 1 1467 1510 1790 0 0
2023-11-16 12:16:35 10 0 0 1 1473 1510 1792 0 0
2023-11-16 12:16:35 10 0 0 1 1476 1518 1790 0 0
2023-11-16 12:16:35 10 0 0 1 1474 1516 1788 0 0
2023-11-16 12:16:35 10 0 0 1 1473 1512 1788 0 0
2023-11-16 12:16:35 10 0 0 1 1479 1516 1785 0 0
2023-11-16 12:16:34 10 0 0 1 1475 1512 1791 0 0
2023-11-16 12:16:34 10 0 0 1 1473 1516 1785 0 0
2023-11-16 12:16:34 10 0 0 1 1476 1510 1794 0 0
2023-11-16 12:16:34 10 0 0 1 1476 1518 1789 0 0
2023-11-16 12:16:34 10 0 0 1 1473 1518 1789 0 0
2023-11-16 12:16:34 10 0 0 1 1474 1511 1791 0 0
2023-11-16 12:16:34 10 0 0 1 1476 1518 1795 0 0
2023-11-16 12:16:34 10 0 0 1 1470 1516 1793 0 0
2023-11-16 12:16:34 10 0 0 1 1476 1510 1790 0 0
2023-11-16 12:16:34 10 0 0 1 1477 1510 1790 0 0
2023-11-16 12:16:34 10 0 0 1 1480 1519 1791 0 0
2023-11-16 12:16:34 10 0 0 1 1476 1516 1790 0 0
2023-11-16 12:16:34 10 0 0 1 1472 1517 1791 0 0
2023-11-16 12:16:34 10 0 0 1 1473 1520 1791 0 0
2023-11-16 12:16:34 10 0 0 1 1469 1510 1792 0 0
2023-11-16 12:16:34 10 0 0 1 1473 1510 1792 0 0
2023-11-16 12:16:34 10 0 0 1 1473 1512 1781 0 0
2023-11-16 12:16:34 10 0 0 1 1474 1516 1791 0 0
2023-11-16 12:16:34 10 0 0 1 1476 1516 1792 0 0
2023-11-16 12:16:34 10 0 0 1 1472 1511 1792 0 0
2023-11-16 12:16:34 10 0 0 1 1473 1513 1792 0 0
2023-11-16 12:16:34 10 0 0 1 1468 1510 1791 0 0
2023-11-16 12:16:34 10 0 0 1 1466 1516 1791 0 0
2023-11-16 12:16:34 10 0 0 1 1471 1510 1785 0 0
2023-11-16 12:16:34 10 0 0 1 1480 1514 1785 0 0
